scores: [0.9095783702343745, 0.8712822079870189, 0.9129584504617017, 0.8678028072088788, 0.8116797045305228, 1.0, 0.8423685288522267, 0.8491549344793254, 0.9143635833127807, 0.9270866971036373, 0.8186502371676015, 0.9429291562066003, 0.87492621328571, 0.8963192003890649, 0.8853323127785059, 0.8382214284640375, 0.9913641019791697, 0.9386838555885335, 0.8757554735865067, 0.9975317997794055]
evaluation_score: 0.898
cost: 0.43248000000000003
