scores: [0.8662419500741956, 0.8348801935825738, 0.8680503032223159, 0.860258242335119, 0.789171935798406, 0.9902609142180694, 0.8161048784481455, 0.8363781070699178, 0.8421761881660632, 0.908103597124545, 0.8266620153618772, 0.886199024165224, 0.8452655017507482, 0.876761483391982, 0.8630196098682384, 0.825796748089887, 0.977570691675653, 0.8652041589306236, 0.8506349350006843, 0.9602049949574323]
evaluation_score: 0.869
cost: 0.4081000000000001
